random_split: 0.9021999043519847
length_split: 0.04846938775510204
jump_split: 0.22748507656371658
turn_left_split: 0.9693708609271523
around_right_split: 0.41041108132260945
