random_split: 0.9882831181252989
length_split: 0.07908163265306123
jump_split: 0.3444069556189982
turn_left_split: 0.5670529801324503
around_right_split: 0.009830205540661306
